# loops 1 - 256
18 addi 4 1 5           # increment r5        [0, 18, 65536, 6146009, 255, 256]
19 muli 5 256 5         # r5 * 256            [0, 19, 65536, 6146009, 255, 65536]
20 gtrr 5 2 5           # r5 = 0              [0, 20, 65536, 6146009, 255, 0]
21 addr 5 1 1           # noop                [0, 21, 65536, 6146009, 255, 0]
22 addi 1 1 1           # skip to 24          [0, 23, 65536, 6146009, 255, 0]
24 addi 4 1 4           # increment r4        [0, 24, 65536, 6146009, 256, 0]
25 seti 17 3 1          # go back to 18       [0, 17, 65536, 6146009, 256, 0]

# loop 257
18 addi 4 1 5           # increment r5        [0, 18, 65536, 6146009, 256, 257]
19 muli 5 256 5         # r5 * 256            [0, 19, 65536, 6146009, 256, 65792]
20 gtrr 5 2 5           # r5 = 1              [0, 20, 65536, 6146009, 256, 1]
21 addr 5 1 1           # skip to 23          [0, 22, 65536, 6146009, 256, 1]
23 seti 25 4 1          # skip to 26          [0, 25, 65536, 6146009, 256, 1]
26 setr 4 1 2           # r2 = 256            [0, 26, 256, 6146009, 256, 1]
27 seti 7 4 1           # go back to 8        [0, 7, 256, 6146009, 256, 1]
08 bani 2 255 4         # r4 = 0              [0, 8, 256, 6146009, 0, 1]      ** when is this bitwise true?
09 addr 3 4 3           # noop                [0, 9, 256, 6146009, 0, 1]
10 bani 3 16777215 3    # noop                [0, 10, 256, 6146009, 0, 1]
11 muli 3 65899 3       # r3 * 65899          [0, 11, 256, 405015847091, 0, 1]
12 bani 3 16777215 3    # r3 * 16777215       [0, 12, 256, 13852851, 0, 1]
13 gtir 256 2 4         # r4 = 0              [0, 13, 256, 13852851, 0, 1]
14 addr 4 1 1           # noop                [0, 14, 256, 13852851, 0, 1]
15 addi 1 1 1           # skip to 17          [0, 16, 256, 13852851, 0, 1]
17 seti 0 3 4           # r4 = 0              [0, 17, 256, 13852851, 0, 1]
18 addi 4 1 5           # incrent r5          [0, 18, 256, 13852851, 0, 1]
19 muli 5 256 5         # r5 * 256            [0, 19, 256, 13852851, 0, 256]
20 gtrr 5 2 5           # r5 = 0              [0, 20, 256, 13852851, 0, 0]
21 addr 5 1 1           # noop                [0, 21, 256, 13852851, 0, 0]
22 addi 1 1 1           # skip to 24          [0, 23, 256, 13852851, 0, 0]
24 addi 4 1 4           # increment r4        [0, 24, 256, 13852851, 1, 0]
25 seti 17 3 1          # go back to 18       [0, 17, 256, 13852851, 1, 0]

# halting
?? get to 28
  13 if 256 > r2, go to 14, then 16, then 28
28 r3 == r0

18 addi 4 1 5           # increment r5
19 muli 5 256 5         # r5 * 256
20 gtrr 5 2 5           # r5 = 1
21 addr 5 1 1           # skip to 23
23 seti 25 4 1          # skip to 26
26 setr 4 1 2           # r2 = 256
27 seti 7 4 1           # skip to 8
 8 bani 2 255 4
 9 addr 3 4 3
10 bani 3 16777215 3
11 muli 3 65899 3
12 bani 3 16777215 3
13 gtir 256 2 4
14 addr 4 1 1
15 addi 1 1 1
17 seti 0 3 4
18 addi 4 1 5
19 muli 5 256 5
20 gtrr 5 2 5
21 addr 5 1 1
22 addi 1 1 1
23 seti 25 4 1
24 addi 4 1 4
25 seti 17 3 1

#ip 1
 0 seti 123 0 3
 1 bani 3 456 3
 2 eqri 3 72 3
 3 addr 3 1 1
 4 seti 0 0 1
 5 seti 0 1 3
 6 bori 3 65536 2
 7 seti 1505483 6 3
 8 bani 2 255 4
 9 addr 3 4 3
10 bani 3 16777215 3
11 muli 3 65899 3
12 bani 3 16777215 3
13 gtir 256 2 4
14 addr 4 1 1
15 addi 1 1 1
16 seti 27 6 1
17 seti 0 3 4
18 addi 4 1 5
19 muli 5 256 5
20 gtrr 5 2 5
21 addr 5 1 1
22 addi 1 1 1
23 seti 25 4 1
24 addi 4 1 4
25 seti 17 3 1
26 setr 4 1 2
27 seti 7 4 1
28 eqrr 3 0 4
29 addr 4 1 1
30 seti 5 9 1
